49 21
481 21
1200 20
109 19
153 19
499 19
795 19
801 19
821 19
899 19
300 18
567 18
732 18
830 18
942 18
1061 18
39 17
43 17
103 17
188 17
210 17
271 17
371 17
545 17
621 17
656 17
693 17
850 17
895 17
904 17
1121 17
1143 17
19 16
32 16
51 16
120 16
122 16
124 16
130 16
142 16
200 16
254 16
349 16
400 16
418 16
508 16
560 16
634 16
677 16
737 16
749 16
755 16
771 16
788 16
853 16
854 16
912 16
959 16
976 16
1053 16
1092 16
1169 16
1250 16
1261 16
28 15
83 15
126 15
159 15
182 15
293 15
301 15
310 15
320 15
336 15
365 15
384 15
390 15
412 15
426 15
431 15
439 15
453 15
466 15
476 15
488 15
496 15
500 15
518 15
554 15
709 15
760 15
790 15
796 15
815 15
827 15
866 15
906 15
984 15
1009 15
1017 15
1033 15
1046 15
1071 15
1080 15
1167 15
1178 15
1193 15
1229 15
1230 15
1234 15
1260 15
1269 15
26 14
55 14
65 14
76 14
100 14
119 14
135 14
184 14
224 14
241 14
269 14
280 14
287 14
326 14
341 14
359 14
376 14
386 14
392 14
440 14
474 14
501 14
509 14
581 14
588 14
597 14
598 14
607 14
615 14
619 14
652 14
673 14
728 14
742 14
746 14
759 14
789 14
802 14
806 14
817 14
837 14
851 14
857 14
863 14
877 14
889 14
900 14
914 14
953 14
957 14
964 14
1029 14
1037 14
1055 14
1058 14
1063 14
1065 14
1073 14
1084 14
1103 14
1111 14
1133 14
1149 14
1150 14
1153 14
1154 14
1174 14
1179 14
1220 14
1222 14
1232 14
1243 14
1254 14
1255 14
1257 14
1264 14
1266 14
1278 14
3 13
57 13
70 13
72 13
82 13
87 13
89 13
112 13
116 13
123 13
141 13
147 13
175 13
176 13
198 13
201 13
208 13
220 13
229 13
240 13
245 13
260 13
277 13
321 13
342 13
375 13
379 13
383 13
387 13
396 13
399 13
405 13
407 13
445 13
451 13
455 13
456 13
458 13
465 13
489 13
494 13
503 13
519 13
525 13
528 13
537 13
541 13
576 13
608 13
623 13
644 13
658 13
683 13
688 13
704 13
734 13
761 13
766 13
777 13
814 13
818 13
825 13
834 13
839 13
847 13
909 13
946 13
949 13
971 13
974 13
985 13
989 13
996 13
1007 13
1014 13
1031 13
1034 13
1082 13
1105 13
1155 13
1188 13
1199 13
1202 13
1224 13
1251 13
1265 13
2 12
4 12
18 12
30 12
40 12
44 12
45 12
50 12
53 12
86 12
88 12
95 12
102 12
111 12
115 12
125 12
127 12
154 12
178 12
215 12
226 12
263 12
284 12
291 12
306 12
308 12
315 12
317 12
322 12
328 12
332 12
343 12
372 12
388 12
401 12
410 12
449 12
457 12
491 12
517 12
534 12
555 12
585 12
595 12
602 12
620 12
654 12
675 12
684 12
695 12
697 12
711 12
715 12
717 12
724 12
730 12
739 12
750 12
751 12
772 12
778 12
780 12
799 12
805 12
871 12
880 12
882 12
888 12
892 12
908 12
913 12
915 12
917 12
936 12
941 12
945 12
947 12
952 12
954 12
961 12
980 12
988 12
1010 12
1038 12
1043 12
1045 12
1051 12
1054 12
1067 12
1087 12
1101 12
1116 12
1119 12
1142 12
1162 12
1183 12
1196 12
1206 12
1207 12
1217 12
1248 12
1273 12
6 11
8 11
12 11
22 11
23 11
31 11
35 11
47 11
58 11
61 11
71 11
73 11
84 11
99 11
117 11
121 11
134 11
138 11
143 11
144 11
145 11
148 11
149 11
163 11
166 11
167 11
170 11
172 11
173 11
179 11
185 11
187 11
192 11
193 11
194 11
209 11
221 11
236 11
255 11
262 11
272 11
281 11
285 11
286 11
289 11
295 11
297 11
312 11
330 11
339 11
355 11
362 11
366 11
369 11
377 11
395 11
402 11
408 11
419 11
424 11
429 11
434 11
442 11
443 11
461 11
463 11
470 11
471 11
477 11
507 11
516 11
520 11
531 11
536 11
543 11
548 11
568 11
569 11
589 11
592 11
593 11
600 11
609 11
612 11
624 11
629 11
640 11
642 11
643 11
645 11
647 11
648 11
659 11
660 11
661 11
669 11
674 11
679 11
680 11
694 11
705 11
726 11
731 11
740 11
748 11
764 11
769 11
784 11
798 11
811 11
819 11
822 11
823 11
833 11
848 11
861 11
864 11
865 11
870 11
874 11
885 11
893 11
910 11
911 11
923 11
935 11
937 11
948 11
958 11
970 11
978 11
981 11
999 11
1024 11
1032 11
1044 11
1060 11
1064 11
1106 11
1107 11
1110 11
1112 11
1130 11
1164 11
1185 11
1190 11
1195 11
1208 11
1212 11
1223 11
1226 11
1233 11
1238 11
1240 11
1241 11
1246 11
1247 11
1277 11
0 10
9 10
29 10
36 10
37 10
54 10
67 10
78 10
80 10
90 10
92 10
110 10
131 10
168 10
169 10
183 10
212 10
217 10
231 10
238 10
239 10
256 10
259 10
267 10
270 10
279 10
283 10
296 10
302 10
314 10
318 10
324 10
325 10
333 10
344 10
345 10
350 10
360 10
367 10
370 10
380 10
397 10
406 10
416 10
430 10
444 10
452 10
460 10
487 10
524 10
530 10
533 10
538 10
539 10
540 10
547 10
557 10
561 10
562 10
571 10
573 10
575 10
578 10
582 10
594 10
610 10
613 10
614 10
622 10
633 10
636 10
646 10
655 10
663 10
668 10
670 10
676 10
686 10
701 10
708 10
713 10
719 10
727 10
733 10
744 10
747 10
762 10
773 10
785 10
786 10
787 10
824 10
828 10
843 10
844 10
868 10
876 10
884 10
886 10
897 10
902 10
918 10
926 10
928 10
931 10
938 10
939 10
943 10
951 10
955 10
960 10
968 10
969 10
975 10
979 10
997 10
1000 10
1005 10
1013 10
1022 10
1027 10
1036 10
1050 10
1056 10
1068 10
1075 10
1081 10
1085 10
1088 10
1095 10
1096 10
1097 10
1114 10
1127 10
1129 10
1132 10
1136 10
1168 10
1170 10
1173 10
1186 10
1187 10
1192 10
1197 10
1198 10
1204 10
1210 10
1213 10
1215 10
1219 10
1235 10
1244 10
1267 10
1271 10
1275 10
1 9
5 9
7 9
11 9
13 9
16 9
48 9
52 9
69 9
79 9
98 9
101 9
105 9
107 9
108 9
118 9
128 9
129 9
133 9
137 9
151 9
160 9
161 9
165 9
186 9
203 9
214 9
216 9
222 9
227 9
228 9
233 9
234 9
250 9
251 9
257 9
265 9
274 9
276 9
288 9
294 9
313 9
329 9
338 9
346 9
348 9
352 9
356 9
358 9
378 9
385 9
403 9
409 9
411 9
413 9
420 9
422 9
423 9
432 9
435 9
437 9
459 9
468 9
473 9
485 9
490 9
498 9
502 9
506 9
511 9
523 9
526 9
527 9
529 9
532 9
535 9
546 9
552 9
556 9
559 9
566 9
586 9
591 9
617 9
625 9
626 9
628 9
635 9
638 9
651 9
657 9
671 9
682 9
685 9
687 9
707 9
720 9
735 9
736 9
756 9
767 9
768 9
791 9
809 9
812 9
813 9
816 9
845 9
856 9
859 9
869 9
878 9
881 9
883 9
891 9
894 9
905 9
919 9
924 9
930 9
932 9
934 9
940 9
967 9
973 9
982 9
990 9
993 9
998 9
1008 9
1015 9
1023 9
1026 9
1040 9
1042 9
1049 9
1052 9
1057 9
1070 9
1072 9
1079 9
1099 9
1109 9
1118 9
1120 9
1125 9
1139 9
1148 9
1158 9
1163 9
1172 9
1176 9
1181 9
1182 9
1189 9
1191 9
1216 9
1218 9
1239 9
1242 9
1256 9
1268 9
1270 9
1276 9
1279 9
10 8
17 8
24 8
46 8
59 8
60 8
63 8
77 8
81 8
85 8
97 8
113 8
136 8
146 8
152 8
156 8
162 8
164 8
180 8
181 8
191 8
195 8
199 8
206 8
213 8
223 8
242 8
246 8
253 8
268 8
282 8
292 8
303 8
307 8
316 8
319 8
323 8
351 8
361 8
368 8
382 8
393 8
417 8
433 8
446 8
447 8
464 8
475 8
482 8
484 8
495 8
504 8
514 8
522 8
544 8
549 8
550 8
563 8
579 8
583 8
590 8
596 8
599 8
601 8
618 8
650 8
667 8
672 8
678 8
681 8
696 8
698 8
702 8
712 8
718 8
721 8
741 8
745 8
752 8
753 8
758 8
765 8
770 8
779 8
794 8
807 8
810 8
826 8
831 8
836 8
838 8
842 8
855 8
858 8
862 8
867 8
872 8
896 8
907 8
916 8
944 8
963 8
965 8
966 8
972 8
977 8
987 8
1003 8
1004 8
1016 8
1018 8
1020 8
1025 8
1062 8
1069 8
1076 8
1086 8
1089 8
1094 8
1098 8
1108 8
1123 8
1126 8
1128 8
1141 8
1144 8
1146 8
1152 8
1180 8
1203 8
1253 8
1262 8
25 7
34 7
38 7
41 7
42 7
56 7
62 7
74 7
75 7
93 7
96 7
104 7
132 7
157 7
174 7
177 7
196 7
202 7
205 7
211 7
219 7
225 7
232 7
235 7
252 7
258 7
261 7
266 7
290 7
298 7
331 7
335 7
337 7
340 7
347 7
357 7
391 7
404 7
414 7
421 7
425 7
438 7
450 7
479 7
480 7
505 7
510 7
512 7
515 7
542 7
551 7
558 7
565 7
603 7
605 7
627 7
631 7
632 7
637 7
653 7
689 7
703 7
706 7
710 7
716 7
722 7
723 7
725 7
754 7
757 7
804 7
832 7
841 7
846 7
852 7
898 7
901 7
903 7
929 7
933 7
950 7
956 7
986 7
992 7
1012 7
1019 7
1035 7
1041 7
1047 7
1066 7
1074 7
1077 7
1091 7
1093 7
1122 7
1124 7
1131 7
1134 7
1135 7
1140 7
1145 7
1157 7
1160 7
1161 7
1171 7
1209 7
1211 7
1214 7
1225 7
1236 7
1252 7
1258 7
1272 7
1274 7
20 6
33 6
66 6
68 6
91 6
94 6
106 6
139 6
140 6
189 6
197 6
204 6
207 6
218 6
230 6
237 6
244 6
248 6
249 6
264 6
275 6
299 6
304 6
305 6
309 6
311 6
327 6
364 6
389 6
394 6
415 6
427 6
428 6
441 6
454 6
469 6
472 6
486 6
493 6
497 6
513 6
521 6
564 6
572 6
574 6
577 6
580 6
587 6
606 6
630 6
641 6
662 6
665 6
666 6
690 6
699 6
700 6
729 6
738 6
763 6
781 6
783 6
792 6
793 6
835 6
840 6
849 6
860 6
875 6
879 6
890 6
921 6
925 6
927 6
962 6
991 6
994 6
1001 6
1002 6
1028 6
1039 6
1048 6
1078 6
1100 6
1113 6
1147 6
1151 6
1156 6
1159 6
1165 6
1175 6
1177 6
1201 6
1227 6
1237 6
1259 6
27 5
114 5
150 5
155 5
158 5
171 5
190 5
273 5
278 5
353 5
354 5
373 5
436 5
462 5
492 5
553 5
570 5
584 5
604 5
611 5
616 5
649 5
664 5
691 5
692 5
714 5
774 5
782 5
800 5
820 5
887 5
920 5
922 5
1021 5
1030 5
1090 5
1104 5
1115 5
1137 5
1166 5
1194 5
1221 5
1228 5
1231 5
1249 5
1263 5
14 4
15 4
64 4
243 4
247 4
334 4
363 4
374 4
381 4
398 4
448 4
467 4
483 4
776 4
797 4
803 4
808 4
1006 4
1083 4
1117 4
1184 4
1205 4
21 3
478 3
639 3
743 3
775 3
873 3
983 3
995 3
1102 3
1138 3
829 2
1011 2
1059 2
1245 2
